0.0025 0.673464 2.17709 0.844467 0.00336732 0.0108854 0.00422233
0.0075 0.0130706 2.51573 0.274137 0.00343267 0.0234641 0.00559302
0.0125 0.551196 1.04812 0.217133 0.00618865 0.0287047 0.00667869
0.0175 0.416354 0.107823 0.496277 0.00827042 0.0292438 0.00916007
0.0225 2.15586 0.935677 1.32801 0.0190497 0.0339222 0.0158001
0.0275 1.98933 0.39725 1.33597 0.0289963 0.0359084 0.02248
0.0325 0.610871 1.46685e-07 2.11229 0.0320507 0.0359084 0.0330414
0.0375 2.55528 6.11593e-06 1.06739 0.0448271 0.0359085 0.0383783
0.0425 0.0121355 0.0861188 0.614451 0.0448878 0.0363391 0.0414506
0.0475 1.48922 0.213167 1.86802e-05 0.0523338 0.0374049 0.0414507
0.0525 1.26116 0.330804 0.00717081 0.0586396 0.0390589 0.0414865
0.0575 0.872654 0.0793382 0.0070502 0.0630029 0.0394556 0.0415218
0.0625 0.958147 0.0676246 0.241699 0.0677936 0.0397937 0.0427303
0.0675 0.0124903 0.295585 0.453874 0.0678561 0.0412717 0.0449997
0.0725 0.631144 0.167766 0.089688 0.0710118 0.0421105 0.0454481
0.0775 0.092187 0.0908348 0.086851 0.0714727 0.0425647 0.0458824
0.0825 0.0387382 0.0282478 0.0269259 0.0716664 0.0427059 0.046017
0.0875 0.184444 0.00483342 0.671963 0.0725887 0.0427301 0.0493768
0.0925 1.27999 0.303946 0.475368 0.0789886 0.0442498 0.0517536
0.0975 0.793194 0.39293 0.389862 0.0829546 0.0462144 0.053703
0.1025 0.290671 0.00885702 0.0111435 0.0844079 0.0462587 0.0537587
0.1075 0.000752498 0.000416552 5.42497e-05 0.0844117 0.0462608 0.0537589
0.1125 0.000535048 0 5.96447e-05 0.0844144 0.0462608 0.0537592
0.1175 0.0508672 0.109303 0.0432278 0.0846687 0.0468073 0.0539754
0.1225 0.126377 0.507458 0.133188 0.0853006 0.0493446 0.0546413
0.1275 0.0367149 0.346215 0.013405 0.0854842 0.0510757 0.0547083
0.1325 0.429407 0.548131 0.410363 0.0876312 0.0538163 0.0567602
0.1375 0.310002 0.484228 0.41593 0.0891812 0.0562375 0.0588398
0.1425 0.00569583 0.00278241 0.0268643 0.0892097 0.0562514 0.0589741
0.1475 0.0361525 0.0815189 0.104704 0.0893905 0.056659 0.0594977
0.1525 0.0366918 0.0402724 0.0364809 0.0895739 0.0568603 0.0596801
0.1575 0.00262287 0.00510516 0.00206972 0.089587 0.0568859 0.0596904
0.1625 5.59627e-05 0.000553117 2.57944e-05 0.0895873 0.0568886 0.0596905
0.1675 2.35571e-06 0.0518405 0 0.0895873 0.0571478 0.0596905
0.1725 1.85328e-05 1.35755 1.58258e-05 0.0895874 0.0639356 0.0596906
0.1775 3.87369e-06 1.0811 3.88253e-06 0.0895874 0.0693411 0.0596906
0.1825 0.00010204 1.463 9.94764e-06 0.0895879 0.0766561 0.0596907
0.1875 0.000140809 0.359201 4.45393e-05 0.0895886 0.0784521 0.0596909
0.1925 0.0532132 0.0224352 0.0234155 0.0898547 0.0785643 0.059808
0.1975 0.122334 0.0891202 0.0880257 0.0904664 0.0790099 0.0602481
0.2025 0.0575034 0.0725707 0.0506114 0.0907539 0.0793727 0.0605012
0.2075 0.0218396 0.0121288 0.0123142 0.0908631 0.0794334 0.0605627
0.2125 0.562944 0.519795 0.539151 0.0936778 0.0820324 0.0632585
0.2175 0.914922 0.937822 0.924588 0.0982524 0.0867215 0.0678814
0.2225 1.35281 1.68472 1.33076 0.105016 0.0951451 0.0745352
0.2275 0.478897 1.79656 0.475222 0.107411 0.104128 0.0769114
0.2325 0.601888 2.30396 0.576409 0.11042 0.115648 0.0797934
0.2375 0.217915 0.764203 0.172088 0.11151 0.119469 0.0806538
0.2425 0.0603032 0.015734 0.0175438 0.111812 0.119547 0.0807416
0.2475 0.22731 0.0192092 0.000156229 0.112948 0.119643 0.0807423
0.2525 1.31932 0.0745931 0.583484 0.119545 0.120016 0.0836598
0.2575 2.02782 0.785776 1.58795 0.129684 0.123945 0.0915995
0.2625 2.36579 0.0180219 0.382736 0.141513 0.124035 0.0935132
0.2675 0.474073 0.0549438 1.28551 0.143883 0.12431 0.0999407
0.2725 0.768727 0.0206461 0.784053 0.147727 0.124413 0.103861
0.2775 0.0127125 0.00182053 0.187114 0.14779 0.124422 0.104797
0.2825 0.0274459 0.00391663 1.15696 0.147927 0.124442 0.110581
0.2875 0.311065 0 1.2411 0.149483 0.124442 0.116787
0.2925 0.36923 0 0.298441 0.151329 0.124442 0.118279
0.2975 1.28471 0.0113691 0.0200086 0.157752 0.124499 0.118379
0.3025 0.534253 0.00358317 0.168481 0.160424 0.124517 0.119222
0.3075 1.14956 9.06443e-05 0.0045796 0.166172 0.124517 0.119244
0.3125 1.07192 0.000492502 0.789416 0.171531 0.12452 0.123192
0.3175 0.231192 0.00277468 0.540371 0.172687 0.124534 0.125893
0.3225 1.65712 0.00880127 1.37678 0.180973 0.124578 0.132777
0.3275 1.62352 0.0751143 1.12324 0.18909 0.124953 0.138394
0.3325 2.15169 0.231593 0.987495 0.199849 0.126111 0.143331
0.3375 2.44619 0.0503879 1.504 0.21208 0.126363 0.150851
0.3425 3.0815 0.468523 2.47415 0.227487 0.128706 0.163222
0.3475 10.0244 8.62606 8.07628 0.277609 0.171836 0.203603
0.3525 34.3139 35.0275 35.5438 0.449179 0.346973 0.381322
0.3575 10.3554 15.2625 14.3861 0.500956 0.423285 0.453253
0.3625 2.50824 6.27094 3.86282 0.513497 0.45464 0.472567
0.3675 1.59634 1.61276 5.75879 0.521479 0.462704 0.501361
0.3725 3.74489 2.79516 0.875949 0.540203 0.47668 0.505741
0.3775 0.176001 2.7886 0.657026 0.541083 0.490623 0.509026
0.3825 0.0938744 1.50671 0.728529 0.541553 0.498156 0.512668
0.3875 0.490442 0.224224 2.57581 0.544005 0.499277 0.525548
0.3925 0.904944 0.00270958 0.266601 0.548529 0.499291 0.526881
0.3975 0.382492 0.8238 0.0313705 0.550442 0.50341 0.527037
0.4025 0.512457 1.39131 0 0.553004 0.510367 0.527037
0.4075 1.18725 0.377342 7.19599e-06 0.55894 0.512253 0.527037
0.4125 0.000132336 0.834005 0 0.558941 0.516423 0.527037
0.4175 0.0513599 0.86544 0.0493134 0.559198 0.52075 0.527284
0.4225 0.12911 1.86048 0.112526 0.559843 0.530053 0.527847
0.4275 0.222103 1.01794 0.23947 0.560954 0.535143 0.529044
0.4325 0.708639 0.767232 0.729714 0.564497 0.538979 0.532693
0.4375 0.515446 0.494084 0.504982 0.567074 0.541449 0.535217
0.4425 1.20466 1.03116 1.16734 0.573098 0.546605 0.541054
0.4475 5.79702 6.34213 5.72976 0.602083 0.578316 0.569703
0.4525 1.88521 1.95749 2.09283 0.611509 0.588103 0.580167
0.4575 0.631586 0.563423 0.564981 0.614667 0.59092 0.582992
0.4625 0.0657687 0.0586123 0.106013 0.614996 0.591213 0.583522
0.4675 0.0980516 0.095408 0.111761 0.615486 0.59169 0.584081
0.4725 0.3712 0.0743551 0.0793652 0.617342 0.592062 0.584478
0.4775 0.335744 0.290214 0.286684 0.619021 0.593513 0.585911
0.4825 0.0179541 0.0154222 0.0164729 0.61911 0.59359 0.585993
0.4875 0.000834077 0 0 0.619115 0.59359 0.585993
0.4925 0 0 0 0.619115 0.59359 0.585993
0.4975 0.0167436 0.0131425 0.0138271 0.619198 0.593656 0.586063
0.5025 0.111307 0.142137 0.106983 0.619755 0.594367 0.586598
0.5075 0.0172151 0.012782 0.0113265 0.619841 0.594431 0.586654
0.5125 0.00580279 0.000510247 0.00248384 0.61987 0.594433 0.586667
0.5175 0.00155824 0.000201527 0.00326856 0.619878 0.594434 0.586683
0.5225 0.0187276 0.15885 0.000558113 0.619971 0.595228 0.586686
0.5275 0.462581 0.624516 0.45662 0.622284 0.598351 0.588969
0.5325 0.00922542 1.45764 0 0.62233 0.605639 0.588969
0.5375 0.012927 0.151232 0.00167756 0.622395 0.606395 0.588977
0.5425 0.00523785 0.0184824 0.00390615 0.622421 0.606488 0.588997
0.5475 0.00582605 0.0050716 0.00507982 0.62245 0.606513 0.589022
0.5525 9.68764e-09 0 0.00945178 0.62245 0.606513 0.589069
0.5575 0 8.19423e-05 0 0.62245 0.606513 0.589069
0.5625 0.00168307 0 0 0.622459 0.606513 0.589069
0.5675 0.755872 0.634223 0.6388 0.626238 0.609685 0.592263
0.5725 4.38577 4.23544 4.16355 0.648167 0.630862 0.613081
0.5775 0.358409 1.00488 0.787742 0.649959 0.635886 0.61702
0.5825 0.546904 1.49994 0.662859 0.652694 0.643386 0.620334
0.5875 0.754634 1.37703 0.846596 0.656467 0.650271 0.624567
0.5925 0.0868314 0.152649 0.0331607 0.656901 0.651034 0.624733
0.5975 0.268434 0.110775 0.0493096 0.658243 0.651588 0.62498
0.6025 0.629857 0.0118872 0.016647 0.661392 0.651648 0.625063
0.6075 1.13838 8.28189e-05 0 0.667084 0.651648 0.625063
0.6125 0.486239 2.95994e-05 0.0101889 0.669515 0.651648 0.625114
0.6175 1.53513 0.000413705 1.85737 0.677191 0.65165 0.634401
0.6225 0.0651101 0.0648155 0.737869 0.677517 0.651974 0.63809
0.6275 0.0283988 0.0268535 0.0263016 0.677659 0.652109 0.638221
0.6325 0 2.59109e-05 0.000100152 0.677659 0.652109 0.638222
0.6375 0.0161662 3.56012e-05 0.596865 0.677739 0.652109 0.641206
0.6425 0.218539 0 1.7557 0.678832 0.652109 0.649985
0.6475 0.214614 0.00305108 0.282775 0.679905 0.652124 0.651399
0.6525 0.028673 0.00253025 0.011501 0.680049 0.652137 0.651456
0.6575 0.022567 0 2.66028e-05 0.680161 0.652137 0.651456
0.6625 0.313712 0.289023 0.279489 0.68173 0.653582 0.652854
0.6675 1.03807 0.671139 0.665236 0.68692 0.656938 0.65618
0.6725 0.84643 0.23298 0.244617 0.691152 0.658102 0.657403
0.6775 1.26469 0.0474551 1.67002 0.697476 0.65834 0.665753
0.6825 1.35173 0.0358622 1.55877 0.704235 0.658519 0.673547
0.6875 0.00973691 0.00644129 0.242587 0.704283 0.658551 0.67476
0.6925 2.99164 0.00458847 0.00550595 0.719242 0.658574 0.674787
0.6975 7.01002 2.94833e-05 0.558623 0.754292 0.658574 0.67758
0.7025 15.0936 5.82978 11.3239 0.82976 0.687723 0.7342
0.7075 21.1641 24.2639 27.8038 0.93558 0.809043 0.873219
0.7125 0.586131 8.2261 8.47951 0.938511 0.850173 0.915616
0.7175 0 4.77152 1.12058 0.938511 0.874031 0.921219
0.7225 0.00707735 0.356422 1.12643 0.938546 0.875813 0.926852
0.7275 0.00709372 1.32222 0.23789 0.938582 0.882424 0.928041
0.7325 0.0041987 4.1883 0.00425702 0.938603 0.903366 0.928062
0.7375 0.0058003 0.676382 1.76566 0.938632 0.906747 0.936891
0.7425 0.00227685 0.808684 0.172423 0.938643 0.910791 0.937753
0.7475 0.0141067 0.0131702 0.0131232 0.938714 0.910857 0.937818
0.7525 0 0.0214881 1.19198e-06 0.938714 0.910964 0.937818
0.7575 0 1.68477 0 0.938714 0.919388 0.937818
0.7625 0 0.813952 0 0.938714 0.923458 0.937818
0.7675 0.00117713 0.23585 0.000368368 0.938719 0.924637 0.93782
0.7725 0.064402 1.58721 0.0681105 0.939041 0.932573 0.938161
0.7775 0.03418 1.02276 0.00344659 0.939212 0.937687 0.938178
0.7825 1.65875 1.62369 1.62153 0.947506 0.945805 0.946286
0.7875 0.40152 0.709325 0.473895 0.949514 0.949352 0.948655
0.7925 0.00446339 0.00753586 0.00187915 0.949536 0.94939 0.948664
0.7975 0.912663 0.36152 0.373856 0.954099 0.951197 0.950534
0.8025 8.33985 8.68076 8.63677 0.995799 0.994601 0.993718
0.8075 0 0.191941 0.23564 0.995799 0.995561 0.994896
0.8125 0 0.00139121 0.0582505 0.995799 0.995568 0.995187
0.8175 0 0 0.0416111 0.995799 0.995568 0.995395
0.8225 0.000859256 4.06571e-07 0 0.995803 0.995568 0.995395
0.8275 0.328833 0.330784 0.331228 0.997447 0.997222 0.997051
0.8325 0.0916811 0.0989776 0.0977622 0.997905 0.997717 0.99754
0.8375 0.00398267 0.00505393 0.00448448 0.997925 0.997742 0.997562
0.8425 0.000910022 0.000862281 0.00179729 0.99793 0.997746 0.997571
0.8475 3.16268e-05 3.07809e-05 0.000245349 0.99793 0.997746 0.997573
0.8525 0.000109984 0.000109977 0.000108139 0.997931 0.997747 0.997573
0.8575 0 0 0 0.997931 0.997747 0.997573
0.8625 0.154639 0.168609 0.180206 0.998704 0.99859 0.998474
0.8675 0 0 0 0.998704 0.99859 0.998474
0.8725 0 0 0 0.998704 0.99859 0.998474
0.8775 0.00236415 0.00234217 0.0023148 0.998716 0.998602 0.998486
0.8825 0.00117606 0.00116986 0.00113589 0.998721 0.998607 0.998491
0.8875 0 0 0 0.998721 0.998607 0.998491
0.8925 0.0010317 0.00094499 0.000264937 0.998727 0.998612 0.998493
0.8975 0.237405 0.25636 0.275554 0.999914 0.999894 0.999871
0.9025 0 0 0 0.999914 0.999894 0.999871
0.9075 0.00083454 0.000894721 0.000955491 0.999918 0.999898 0.999875
0.9125 0 0 0 0.999918 0.999898 0.999875
0.9175 0 0 0 0.999918 0.999898 0.999875
0.9225 0 0 0 0.999918 0.999898 0.999875
0.9275 0 0 0 0.999918 0.999898 0.999875
0.9325 0 0 0 0.999918 0.999898 0.999875
0.9375 0 0 0 0.999918 0.999898 0.999875
0.9425 0 0 0 0.999918 0.999898 0.999875
0.9475 0 0 0 0.999918 0.999898 0.999875
0.9525 0.0164298 0.0203146 0.0249373 1 1 1
0.9575 0 0 0 1 1 1
0.9625 0 0 0 1 1 1
0.9675 0 0 0 1 1 1
0.9725 0 0 0 1 1 1
0.9775 0 0 0 1 1 1
0.9825 0 0 0 1 1 1
0.9875 0 0 0 1 1 1
0.9925 0 0 0 1 1 1
0.9975 0 0 0 1 1 1
T1 = 0.376763 0.379411 0.377936 ps
